nodalforces
1223 0.0d0 0.0d0 -0.390d-01
1224 0.0d0 0.0d0 -0.390d-01
1225 0.0d0 0.0d0 -0.390d-01
1226 0.0d0 0.0d0 -0.390d-01
1227 0.0d0 0.0d0 -0.390d-01
1228 0.0d0 0.0d0 -0.390d-01
1229 0.0d0 0.0d0 -0.390d-01
1230 0.0d0 0.0d0 -0.390d-01
1231 0.0d0 0.0d0 -0.390d-01
1234 0.0d0 0.0d0 -0.390d-01
1235 0.0d0 0.0d0 -0.390d-01
1236 0.0d0 0.0d0 -0.390d-01
1237 0.0d0 0.0d0 -0.390d-01
1238 0.0d0 0.0d0 -0.390d-01
1239 0.0d0 0.0d0 -0.390d-01
1240 0.0d0 0.0d0 -0.390d-01
1241 0.0d0 0.0d0 -0.390d-01
1242 0.0d0 0.0d0 -0.390d-01
1245 0.0d0 0.0d0 -0.390d-01
1246 0.0d0 0.0d0 -0.390d-01
1247 0.0d0 0.0d0 -0.390d-01
1248 0.0d0 0.0d0 -0.390d-01
1249 0.0d0 0.0d0 -0.390d-01
1250 0.0d0 0.0d0 -0.390d-01
1251 0.0d0 0.0d0 -0.390d-01
1252 0.0d0 0.0d0 -0.390d-01
1253 0.0d0 0.0d0 -0.390d-01
1256 0.0d0 0.0d0 -0.390d-01
1257 0.0d0 0.0d0 -0.390d-01
1258 0.0d0 0.0d0 -0.390d-01
1259 0.0d0 0.0d0 -0.390d-01
1260 0.0d0 0.0d0 -0.390d-01
1261 0.0d0 0.0d0 -0.390d-01
1262 0.0d0 0.0d0 -0.390d-01
1263 0.0d0 0.0d0 -0.390d-01
1264 0.0d0 0.0d0 -0.390d-01
1267 0.0d0 0.0d0 -0.390d-01
1268 0.0d0 0.0d0 -0.390d-01
1269 0.0d0 0.0d0 -0.390d-01
1270 0.0d0 0.0d0 -0.390d-01
1271 0.0d0 0.0d0 -0.390d-01
1272 0.0d0 0.0d0 -0.390d-01
1273 0.0d0 0.0d0 -0.390d-01
1274 0.0d0 0.0d0 -0.390d-01
1275 0.0d0 0.0d0 -0.390d-01
1278 0.0d0 0.0d0 -0.390d-01
1279 0.0d0 0.0d0 -0.390d-01
1280 0.0d0 0.0d0 -0.390d-01
1281 0.0d0 0.0d0 -0.390d-01
1282 0.0d0 0.0d0 -0.390d-01
1283 0.0d0 0.0d0 -0.390d-01
1284 0.0d0 0.0d0 -0.390d-01
1285 0.0d0 0.0d0 -0.390d-01
1286 0.0d0 0.0d0 -0.390d-01
1289 0.0d0 0.0d0 -0.390d-01
1290 0.0d0 0.0d0 -0.390d-01
1291 0.0d0 0.0d0 -0.390d-01
1292 0.0d0 0.0d0 -0.390d-01
1293 0.0d0 0.0d0 -0.390d-01
1294 0.0d0 0.0d0 -0.390d-01
1295 0.0d0 0.0d0 -0.390d-01
1296 0.0d0 0.0d0 -0.390d-01
1297 0.0d0 0.0d0 -0.390d-01
1300 0.0d0 0.0d0 -0.390d-01
1301 0.0d0 0.0d0 -0.390d-01
1302 0.0d0 0.0d0 -0.390d-01
1303 0.0d0 0.0d0 -0.390d-01
1304 0.0d0 0.0d0 -0.390d-01
1305 0.0d0 0.0d0 -0.390d-01
1306 0.0d0 0.0d0 -0.390d-01
1307 0.0d0 0.0d0 -0.390d-01
1308 0.0d0 0.0d0 -0.390d-01
1311 0.0d0 0.0d0 -0.390d-01
1312 0.0d0 0.0d0 -0.390d-01
1313 0.0d0 0.0d0 -0.390d-01
1314 0.0d0 0.0d0 -0.390d-01
1315 0.0d0 0.0d0 -0.390d-01
1316 0.0d0 0.0d0 -0.390d-01
1317 0.0d0 0.0d0 -0.390d-01
1318 0.0d0 0.0d0 -0.390d-01
1319 0.0d0 0.0d0 -0.390d-01
1320 0.0d0 0.0d0 -0.195d-01
1309 0.0d0 0.0d0 -0.195d-01
1298 0.0d0 0.0d0 -0.195d-01
1287 0.0d0 0.0d0 -0.195d-01
1276 0.0d0 0.0d0 -0.195d-01
1265 0.0d0 0.0d0 -0.195d-01
1254 0.0d0 0.0d0 -0.195d-01
1243 0.0d0 0.0d0 -0.195d-01
1232 0.0d0 0.0d0 -0.195d-01
1220 0.0d0 0.0d0 -0.195d-01
1219 0.0d0 0.0d0 -0.195d-01
1218 0.0d0 0.0d0 -0.195d-01
1217 0.0d0 0.0d0 -0.195d-01
1216 0.0d0 0.0d0 -0.195d-01
1215 0.0d0 0.0d0 -0.195d-01
1214 0.0d0 0.0d0 -0.195d-01
1213 0.0d0 0.0d0 -0.195d-01
1212 0.0d0 0.0d0 -0.195d-01
1222 0.0d0 0.0d0 -0.195d-01
1233 0.0d0 0.0d0 -0.195d-01
1244 0.0d0 0.0d0 -0.195d-01
1255 0.0d0 0.0d0 -0.195d-01
1266 0.0d0 0.0d0 -0.195d-01
1277 0.0d0 0.0d0 -0.195d-01
1288 0.0d0 0.0d0 -0.195d-01
1299 0.0d0 0.0d0 -0.195d-01
1310 0.0d0 0.0d0 -0.195d-01
1322 0.0d0 0.0d0 -0.195d-01
1323 0.0d0 0.0d0 -0.195d-01
1324 0.0d0 0.0d0 -0.195d-01
1325 0.0d0 0.0d0 -0.195d-01
1326 0.0d0 0.0d0 -0.195d-01
1327 0.0d0 0.0d0 -0.195d-01
1328 0.0d0 0.0d0 -0.195d-01
1329 0.0d0 0.0d0 -0.195d-01
1330 0.0d0 0.0d0 -0.195d-01
1331 0.0d0 0.0d0 -0.130d-01
1211 0.0d0 0.0d0 -0.130d-01
1321 0.0d0 0.0d0 -0.650d-02 
1221 0.0d0 0.0d0 -0.650d-02
end nodalforces
return  
 
 
 
 
 
 